40
9187891738981273993718923789127389127389127983712983712837192837918273891273891728937128946981264378264789162378461278346897126348791263487126389461987346891723648716439781263894761892734691872364897
9187891738981273993718923789127389127389127983712983712837192837918273891273891728937128946981264378264789162378461278346897126348791263487126389461987346891723648716439781263894761892734691872364897
9187891738981273993718923789127389127389127983712983712837192837918273891273891728937128946981264378264789162378461278346897126348791263487126389461987346891723648716439781263894761892734691872364897
9187891738981273993718923789127389127389127983712983712837192837918273891273891728937128946981264378264789162378461278346897126348791263487126389461987346891723648716439781263894761892734691872364897
9187891738981273993718923789127389127389127983712983712837192837918273891273891728937128946981264378264789162378461278346897126348791263487126389461987346891723648716439781263894761892734691872364897
9187891738981273993718923789127389127389127983712983712837192837918273891273891728937128946981264378264789162378461278346897126348791263487126389461987346891723648716439781263894761892734691872364897
9187891738981273993718923789127389127389127983712983712837192837918273891273891728937128946981264378264789162378461278346897126348791263487126389461987346891723648716439781263894761892734691872364897
9187891738981273993718923789127389127389127983712983712837192837918273891273891728937128946981264378264789162378461278346897126348791263487126389461987346891723648716439781263894761892734691872364897
9187891738981273993718923789127389127389127983712983712837192837918273891273891728937128946981264378264789162378461278346897126348791263487126389461987346891723648716439781263894761892734691872364897
9187891738981273993718923789127389127389127983712983712837192837918273891273891728937128946981264378264789162378461278346897126348791263487126389461987346891723648716439781263894761892734691872364897
9187891738981273993718923789127389127389127983712983712837192837918273891273891728937128946981264378264789162378461278346897126348791263487126389461987346891723648716439781263894761892734691872364897
9187891738981273993718923789127389127389127983712983712837192837918273891273891728937128946981264378264789162378461278346897126348791263487126389461987346891723648716439781263894761892734691872364897
9187891738981273993718923789127389127389127983712983712837192837918273891273891728937128946981264378264789162378461278346897126348791263487126389461987346891723648716439781263894761892734691872364897
9187891738981273993718923789127389127389127983712983712837192837918273891273891728937128946981264378264789162378461278346897126348791263487126389461987346891723648716439781263894761892734691872364897
9187891738981273993718923789127389127389127983712983712837192837918273891273891728937128946981264378264789162378461278346897126348791263487126389461987346891723648716439781263894761892734691872364897
9187891738981273993718923789127389127389127983712983712837192837918273891273891728937128946981264378264789162378461278346897126348791263487126389461987346891723648716439781263894761892734691872364897
9187891738981273993718923789127389127389127983712983712837192837918273891273891728937128946981264378264789162378461278346897126348791263487126389461987346891723648716439781263894761892734691872364897
9187891738981273993718923789127389127389127983712983712837192837918273891273891728937128946981264378264789162378461278346897126348791263487126389461987346891723648716439781263894761892734691872364897
9187891738981273993718923789127389127389127983712983712837192837918273891273891728937128946981264378264789162378461278346897126348791263487126389461987346891723648716439781263894761892734691872364897
9187891738981273993718923789127389127389127983712983712837192837918273891273891728937128946981264378264789162378461278346897126348791263487126389461987346891723648716439781263894761892734691872364897
9187891738981273993718923789127389127389127983712983712837192837918273891273891728937128946981264378264789162378461278346897126348791263487126389461987346891723648716439781263894761892734691872364897
9187891738981273993718923789127389127389127983712983712837192837918273891273891728937128946981264378264789162378461278346897126348791263487126389461987346891723648716439781263894761892734691872364897
9187891738981273993718923789127389127389127983712983712837192837918273891273891728937128946981264378264789162378461278346897126348791263487126389461987346891723648716439781263894761892734691872364897
9187891738981273993718923789127389127389127983712983712837192837918273891273891728937128946981264378264789162378461278346897126348791263487126389461987346891723648716439781263894761892734691872364897
9187891738981273993718923789127389127389127983712983712837192837918273891273891728937128946981264378264789162378461278346897126348791263487126389461987346891723648716439781263894761892734691872364897
9187891738981273993718923789127389127389127983712983712837192837918273891273891728937128946981264378264789162378461278346897126348791263487126389461987346891723648716439781263894761892734691872364897
9187891738981273993718923789127389127389127983712983712837192837918273891273891728937128946981264378264789162378461278346897126348791263487126389461987346891723648716439781263894761892734691872364897
9187891738981273993718923789127389127389127983712983712837192837918273891273891728937128946981264378264789162378461278346897126348791263487126389461987346891723648716439781263894761892734691872364897
9187891738981273993718923789127389127389127983712983712837192837918273891273891728937128946981264378264789162378461278346897126348791263487126389461987346891723648716439781263894761892734691872364897
9187891738981273993718923789127389127389127983712983712837192837918273891273891728937128946981264378264789162378461278346897126348791263487126389461987346891723648716439781263894761892734691872364897
9187891738981273993718923789127389127389127983712983712837192837918273891273891728937128946981264378264789162378461278346897126348791263487126389461987346891723648716439781263894761892734691872364897
9187891738981273993718923789127389127389127983712983712837192837918273891273891728937128946981264378264789162378461278346897126348791263487126389461987346891723648716439781263894761892734691872364897
9187891738981273993718923789127389127389127983712983712837192837918273891273891728937128946981264378264789162378461278346897126348791263487126389461987346891723648716439781263894761892734691872364897
9187891738981273993718923789127389127389127983712983712837192837918273891273891728937128946981264378264789162378461278346897126348791263487126389461987346891723648716439781263894761892734691872364897
9187891738981273993718923789127389127389127983712983712837192837918273891273891728937128946981264378264789162378461278346897126348791263487126389461987346891723648716439781263894761892734691872364897
9187891738981273993718923789127389127389127983712983712837192837918273891273891728937128946981264378264789162378461278346897126348791263487126389461987346891723648716439781263894761892734691872364897
9187891738981273993718923789127389127389127983712983712837192837918273891273891728937128946981264378264789162378461278346897126348791263487126389461987346891723648716439781263894761892734691872364897
9187891738981273993718923789127389127389127983712983712837192837918273891273891728937128946981264378264789162378461278346897126348791263487126389461987346891723648716439781263894761892734691872364897
9187891738981273993718923789127389127389127983712983712837192837918273891273891728937128946981264378264789162378461278346897126348791263487126389461987346891723648716439781263894761892734691872364897
9187891738981273993718923789127389127389127983712983712837192837918273891273891728937128946981264378264789162378461278346897126348791263487126389461987346891723648716439781263894761892734691872364897
